/*--------------------------------*- C++ -*----------------------------------*\
| =========                 |                                                 |
| \\      /  F ield         | OpenFOAM: The Open Source CFD Toolbox           |
|  \\    /   O peration     | Version:  2406                                  |
|   \\  /    A nd           | Website:  www.openfoam.com                      |
|    \\/     M anipulation  |                                                 |
\*---------------------------------------------------------------------------*/
FoamFile
{
    version     2.0;
    format      ascii;
    arch        "LSB;label=32;scalar=64";
    class       volScalarField;
    location    "2";
    object      turbulenceProperties:nut;
}
// * * * * * * * * * * * * * * * * * * * * * * * * * * * * * * * * * * * * * //

dimensions      [0 2 -1 0 0 0 0];

internalField   uniform 0;

boundaryField
{
    walls
    {
        type            nutUSpaldingWallFunction;
        value           nonuniform List<scalar> 
2000
(
3.17327e-09
4.55003e-09
5.99778e-09
7.1845e-09
7.85304e-09
7.85304e-09
7.1845e-09
5.99778e-09
4.55003e-09
3.17327e-09
1.87209e-09
2.63221e-09
3.46484e-09
4.1654e-09
4.56594e-09
4.56594e-09
4.1654e-09
3.46484e-09
2.63221e-09
1.87209e-09
9.82539e-10
1.36006e-09
1.78336e-09
2.14883e-09
2.36025e-09
2.36025e-09
2.14883e-09
1.78336e-09
1.36006e-09
9.82539e-10
1.15789e-09
1.60985e-09
2.11112e-09
2.53958e-09
2.78626e-09
2.78626e-09
2.53958e-09
2.11112e-09
1.60985e-09
1.15789e-09
9.94212e-10
1.37765e-09
1.80716e-09
2.17686e-09
2.39061e-09
2.39061e-09
2.17686e-09
1.80716e-09
1.37765e-09
9.94212e-10
1.04405e-09
1.44902e-09
1.90131e-09
2.28976e-09
2.5141e-09
2.5141e-09
2.28976e-09
1.90131e-09
1.44902e-09
1.04405e-09
1.00243e-09
1.38997e-09
1.82394e-09
2.1974e-09
2.41332e-09
2.41332e-09
2.1974e-09
1.82394e-09
1.38997e-09
1.00243e-09
1.01579e-09
1.40907e-09
1.8491e-09
2.22751e-09
2.44623e-09
2.44623e-09
2.22751e-09
1.8491e-09
1.40907e-09
1.01579e-09
1.00505e-09
1.39383e-09
1.82911e-09
2.20363e-09
2.42016e-09
2.42016e-09
2.20363e-09
1.82911e-09
1.39382e-09
1.00505e-09
1.00859e-09
1.39889e-09
1.83577e-09
2.2116e-09
2.42887e-09
2.42887e-09
2.2116e-09
1.83577e-09
1.39889e-09
1.00859e-09
1.0058e-09
1.39493e-09
1.83058e-09
2.20539e-09
2.42209e-09
2.42209e-09
2.20539e-09
1.83057e-09
1.39492e-09
1.0058e-09
1.00674e-09
1.39626e-09
1.83233e-09
2.2075e-09
2.42439e-09
2.42439e-09
2.2075e-09
1.83233e-09
1.39626e-09
1.00673e-09
1.00601e-09
1.39523e-09
1.83098e-09
2.20588e-09
2.42262e-09
2.42262e-09
2.20587e-09
1.83097e-09
1.39522e-09
1.006e-09
1.00626e-09
1.39558e-09
1.83145e-09
2.20644e-09
2.42323e-09
2.42323e-09
2.20643e-09
1.83144e-09
1.39557e-09
1.00625e-09
1.00607e-09
1.39532e-09
1.8311e-09
2.20602e-09
2.42277e-09
2.42277e-09
2.20601e-09
1.83108e-09
1.3953e-09
1.00606e-09
1.00614e-09
1.39541e-09
1.83122e-09
2.20617e-09
2.42293e-09
2.42293e-09
2.20616e-09
1.83121e-09
1.3954e-09
1.00612e-09
1.00609e-09
1.39534e-09
1.83113e-09
2.20606e-09
2.42282e-09
2.42281e-09
2.20605e-09
1.83111e-09
1.39533e-09
1.00607e-09
1.00611e-09
1.39537e-09
1.83116e-09
2.2061e-09
2.42286e-09
2.42285e-09
2.20609e-09
1.83115e-09
1.39535e-09
1.00609e-09
1.00609e-09
1.39535e-09
1.83114e-09
2.20607e-09
2.42282e-09
2.42282e-09
2.20606e-09
1.83112e-09
1.39533e-09
1.00607e-09
1.00609e-09
1.39535e-09
1.83114e-09
2.20607e-09
2.42283e-09
2.42283e-09
2.20606e-09
1.83113e-09
1.39533e-09
1.00608e-09
1.00608e-09
1.39534e-09
1.83112e-09
2.20606e-09
2.42281e-09
2.42281e-09
2.20605e-09
1.83112e-09
1.39533e-09
1.00607e-09
1.00608e-09
1.39533e-09
1.83112e-09
2.20605e-09
2.42281e-09
2.42281e-09
2.20605e-09
1.83111e-09
1.39533e-09
1.00607e-09
1.00607e-09
1.39532e-09
1.83111e-09
2.20604e-09
2.4228e-09
2.4228e-09
2.20604e-09
1.83111e-09
1.39532e-09
1.00607e-09
1.00606e-09
1.39531e-09
1.8311e-09
2.20603e-09
2.42279e-09
2.42279e-09
2.20603e-09
1.83111e-09
1.39532e-09
1.00607e-09
1.00606e-09
1.39531e-09
1.83109e-09
2.20602e-09
2.42278e-09
2.42278e-09
2.20603e-09
1.8311e-09
1.39532e-09
1.00607e-09
1.00605e-09
1.3953e-09
1.83108e-09
2.20601e-09
2.42277e-09
2.42278e-09
2.20602e-09
1.8311e-09
1.39532e-09
1.00607e-09
1.00605e-09
1.3953e-09
1.83108e-09
2.20601e-09
2.42277e-09
2.42277e-09
2.20602e-09
1.8311e-09
1.39532e-09
1.00607e-09
1.00605e-09
1.39529e-09
1.83107e-09
2.206e-09
2.42276e-09
2.42277e-09
2.20602e-09
1.83109e-09
1.39531e-09
1.00607e-09
1.00604e-09
1.39529e-09
1.83107e-09
2.206e-09
2.42276e-09
2.42277e-09
2.20601e-09
1.83109e-09
1.39531e-09
1.00607e-09
1.00604e-09
1.39529e-09
1.83107e-09
2.206e-09
2.42276e-09
2.42276e-09
2.20601e-09
1.83109e-09
1.39531e-09
1.00607e-09
1.00605e-09
1.39529e-09
1.83107e-09
2.206e-09
2.42276e-09
2.42276e-09
2.20601e-09
1.83109e-09
1.39531e-09
1.00607e-09
1.00605e-09
1.3953e-09
1.83108e-09
2.206e-09
2.42276e-09
2.42277e-09
2.20602e-09
1.83109e-09
1.39532e-09
1.00607e-09
1.00606e-09
1.3953e-09
1.83109e-09
2.20601e-09
2.42277e-09
2.42278e-09
2.20602e-09
1.8311e-09
1.39532e-09
1.00607e-09
1.00607e-09
1.39532e-09
1.8311e-09
2.20603e-09
2.42279e-09
2.42279e-09
2.20603e-09
1.83111e-09
1.39532e-09
1.00607e-09
1.00608e-09
1.39534e-09
1.83112e-09
2.20605e-09
2.42281e-09
2.42281e-09
2.20605e-09
1.83111e-09
1.39533e-09
1.00608e-09
1.0061e-09
1.39536e-09
1.83115e-09
2.20607e-09
2.42283e-09
2.42282e-09
2.20606e-09
1.83112e-09
1.39533e-09
1.00608e-09
1.00612e-09
1.39538e-09
1.83117e-09
2.2061e-09
2.42285e-09
2.42284e-09
2.20607e-09
1.83113e-09
1.39534e-09
1.00608e-09
1.00613e-09
1.39539e-09
1.83118e-09
2.20611e-09
2.42287e-09
2.42285e-09
2.20608e-09
1.83113e-09
1.39534e-09
1.00608e-09
1.00613e-09
1.39539e-09
1.83119e-09
2.20612e-09
2.42287e-09
2.42286e-09
2.20608e-09
1.83114e-09
1.39534e-09
1.00607e-09
1.00612e-09
1.39539e-09
1.83118e-09
2.20611e-09
2.42287e-09
2.42286e-09
2.20608e-09
1.83113e-09
1.39533e-09
1.00607e-09
1.00611e-09
1.39537e-09
1.83117e-09
2.2061e-09
2.42286e-09
2.42285e-09
2.20607e-09
1.83113e-09
1.39533e-09
1.00607e-09
1.0061e-09
1.39536e-09
1.83115e-09
2.20608e-09
2.42284e-09
2.42283e-09
2.20606e-09
1.83112e-09
1.39533e-09
1.00607e-09
1.00609e-09
1.39535e-09
1.83114e-09
2.20607e-09
2.42283e-09
2.42283e-09
2.20606e-09
1.83112e-09
1.39533e-09
1.00608e-09
1.0061e-09
1.39536e-09
1.83115e-09
2.20608e-09
2.42284e-09
2.42283e-09
2.20607e-09
1.83113e-09
1.39534e-09
1.00609e-09
1.00613e-09
1.3954e-09
1.83119e-09
2.20612e-09
2.42288e-09
2.42287e-09
2.2061e-09
1.83116e-09
1.39536e-09
1.0061e-09
1.0062e-09
1.39548e-09
1.83128e-09
2.20621e-09
2.42296e-09
2.42294e-09
2.20616e-09
1.83121e-09
1.3954e-09
1.00612e-09
1.0063e-09
1.3956e-09
1.83142e-09
2.20635e-09
2.42309e-09
2.42305e-09
2.20625e-09
1.83127e-09
1.39544e-09
1.00615e-09
1.00648e-09
1.39582e-09
1.83166e-09
2.2066e-09
2.42334e-09
2.42328e-09
2.20643e-09
1.83142e-09
1.39554e-09
1.00622e-09
1.00662e-09
1.39599e-09
1.83184e-09
2.20678e-09
2.42349e-09
2.42341e-09
2.20654e-09
1.8315e-09
1.3956e-09
1.00626e-09
1.00699e-09
1.39647e-09
1.83242e-09
2.20741e-09
2.42413e-09
2.424e-09
2.20705e-09
1.8319e-09
1.39589e-09
1.00645e-09
3.17327e-09
4.55003e-09
5.99778e-09
7.1845e-09
7.85304e-09
7.85304e-09
7.1845e-09
5.99778e-09
4.55003e-09
3.17327e-09
1.87209e-09
2.63221e-09
3.46484e-09
4.1654e-09
4.56594e-09
4.56594e-09
4.1654e-09
3.46484e-09
2.63221e-09
1.87209e-09
9.82539e-10
1.36006e-09
1.78336e-09
2.14883e-09
2.36025e-09
2.36025e-09
2.14883e-09
1.78336e-09
1.36006e-09
9.82539e-10
1.15789e-09
1.60985e-09
2.11112e-09
2.53958e-09
2.78626e-09
2.78626e-09
2.53958e-09
2.11112e-09
1.60985e-09
1.15789e-09
9.94212e-10
1.37765e-09
1.80716e-09
2.17686e-09
2.39061e-09
2.39061e-09
2.17686e-09
1.80716e-09
1.37765e-09
9.94212e-10
1.04405e-09
1.44902e-09
1.90131e-09
2.28976e-09
2.5141e-09
2.5141e-09
2.28976e-09
1.90131e-09
1.44902e-09
1.04405e-09
1.00243e-09
1.38996e-09
1.82394e-09
2.19739e-09
2.41332e-09
2.41332e-09
2.1974e-09
1.82394e-09
1.38997e-09
1.00243e-09
1.01579e-09
1.40907e-09
1.84909e-09
2.22751e-09
2.44623e-09
2.44623e-09
2.22751e-09
1.8491e-09
1.40907e-09
1.01579e-09
1.00505e-09
1.39382e-09
1.82911e-09
2.20363e-09
2.42016e-09
2.42016e-09
2.20363e-09
1.82911e-09
1.39383e-09
1.00505e-09
1.00859e-09
1.39888e-09
1.83577e-09
2.2116e-09
2.42887e-09
2.42887e-09
2.2116e-09
1.83577e-09
1.39889e-09
1.00859e-09
1.00579e-09
1.39492e-09
1.83057e-09
2.20539e-09
2.42209e-09
2.42209e-09
2.20539e-09
1.83057e-09
1.39492e-09
1.0058e-09
1.00672e-09
1.39625e-09
1.83232e-09
2.20749e-09
2.42438e-09
2.42438e-09
2.2075e-09
1.83233e-09
1.39626e-09
1.00674e-09
1.00599e-09
1.39521e-09
1.83096e-09
2.20586e-09
2.42261e-09
2.42262e-09
2.20588e-09
1.83098e-09
1.39523e-09
1.00601e-09
1.00624e-09
1.39556e-09
1.83142e-09
2.20642e-09
2.42322e-09
2.42322e-09
2.20643e-09
1.83144e-09
1.39558e-09
1.00626e-09
1.00604e-09
1.39529e-09
1.83107e-09
2.20599e-09
2.42275e-09
2.42276e-09
2.20601e-09
1.83109e-09
1.39532e-09
1.00607e-09
1.00611e-09
1.39538e-09
1.83119e-09
2.20614e-09
2.42291e-09
2.42292e-09
2.20616e-09
1.83122e-09
1.39541e-09
1.00614e-09
1.00606e-09
1.39531e-09
1.83109e-09
2.20603e-09
2.42279e-09
2.4228e-09
2.20605e-09
1.83112e-09
1.39534e-09
1.00609e-09
1.00607e-09
1.39533e-09
1.83113e-09
2.20607e-09
2.42284e-09
2.42284e-09
2.20609e-09
1.83116e-09
1.39536e-09
1.0061e-09
1.00606e-09
1.39531e-09
1.8311e-09
2.20604e-09
2.4228e-09
2.42281e-09
2.20606e-09
1.83113e-09
1.39534e-09
1.00609e-09
1.00607e-09
1.39532e-09
1.83111e-09
2.20604e-09
2.42281e-09
2.42282e-09
2.20606e-09
1.83113e-09
1.39535e-09
1.00609e-09
1.00606e-09
1.39532e-09
1.8311e-09
2.20603e-09
2.4228e-09
2.4228e-09
2.20605e-09
1.83112e-09
1.39533e-09
1.00608e-09
1.00607e-09
1.39532e-09
1.8311e-09
2.20603e-09
2.4228e-09
2.4228e-09
2.20604e-09
1.83111e-09
1.39533e-09
1.00608e-09
1.00607e-09
1.39532e-09
1.8311e-09
2.20603e-09
2.42279e-09
2.42279e-09
2.20603e-09
1.8311e-09
1.39532e-09
1.00607e-09
1.00607e-09
1.39532e-09
1.8311e-09
2.20603e-09
2.42279e-09
2.42278e-09
2.20603e-09
1.8311e-09
1.39531e-09
1.00606e-09
1.00607e-09
1.39532e-09
1.8311e-09
2.20602e-09
2.42278e-09
2.42278e-09
2.20602e-09
1.83109e-09
1.39531e-09
1.00606e-09
1.00607e-09
1.39532e-09
1.8311e-09
2.20602e-09
2.42278e-09
2.42277e-09
2.20601e-09
1.83108e-09
1.3953e-09
1.00605e-09
1.00607e-09
1.39532e-09
1.8311e-09
2.20602e-09
2.42277e-09
2.42277e-09
2.20601e-09
1.83108e-09
1.3953e-09
1.00605e-09
1.00607e-09
1.39532e-09
1.8311e-09
2.20602e-09
2.42277e-09
2.42277e-09
2.206e-09
1.83107e-09
1.39529e-09
1.00605e-09
1.00607e-09
1.39532e-09
1.83109e-09
2.20602e-09
2.42277e-09
2.42276e-09
2.206e-09
1.83107e-09
1.39529e-09
1.00604e-09
1.00607e-09
1.39532e-09
1.83109e-09
2.20602e-09
2.42277e-09
2.42276e-09
2.206e-09
1.83107e-09
1.39529e-09
1.00604e-09
1.00607e-09
1.39531e-09
1.83109e-09
2.20601e-09
2.42277e-09
2.42276e-09
2.206e-09
1.83107e-09
1.39529e-09
1.00605e-09
1.00607e-09
1.39531e-09
1.83109e-09
2.20601e-09
2.42277e-09
2.42276e-09
2.206e-09
1.83108e-09
1.3953e-09
1.00605e-09
1.00606e-09
1.39531e-09
1.83109e-09
2.20602e-09
2.42277e-09
2.42277e-09
2.20601e-09
1.83108e-09
1.3953e-09
1.00606e-09
1.00606e-09
1.39531e-09
1.83109e-09
2.20602e-09
2.42278e-09
2.42278e-09
2.20602e-09
1.8311e-09
1.39532e-09
1.00607e-09
1.00606e-09
1.39531e-09
1.8311e-09
2.20603e-09
2.42279e-09
2.4228e-09
2.20604e-09
1.83112e-09
1.39534e-09
1.00608e-09
1.00606e-09
1.39532e-09
1.8311e-09
2.20604e-09
2.42281e-09
2.42282e-09
2.20606e-09
1.83114e-09
1.39536e-09
1.0061e-09
1.00607e-09
1.39532e-09
1.83111e-09
2.20605e-09
2.42283e-09
2.42284e-09
2.20609e-09
1.83116e-09
1.39537e-09
1.00612e-09
1.00607e-09
1.39533e-09
1.83112e-09
2.20607e-09
2.42284e-09
2.42285e-09
2.2061e-09
1.83118e-09
1.39539e-09
1.00613e-09
1.00607e-09
1.39533e-09
1.83113e-09
2.20607e-09
2.42285e-09
2.42286e-09
2.20611e-09
1.83118e-09
1.39539e-09
1.00613e-09
1.00607e-09
1.39533e-09
1.83113e-09
2.20608e-09
2.42285e-09
2.42286e-09
2.20611e-09
1.83118e-09
1.39539e-09
1.00612e-09
1.00607e-09
1.39533e-09
1.83113e-09
2.20607e-09
2.42284e-09
2.42285e-09
2.2061e-09
1.83117e-09
1.39537e-09
1.00611e-09
1.00607e-09
1.39533e-09
1.83112e-09
2.20606e-09
2.42283e-09
2.42284e-09
2.20608e-09
1.83115e-09
1.39536e-09
1.0061e-09
1.00607e-09
1.39532e-09
1.83111e-09
2.20605e-09
2.42282e-09
2.42282e-09
2.20607e-09
1.83114e-09
1.39535e-09
1.00609e-09
1.00607e-09
1.39532e-09
1.83111e-09
2.20604e-09
2.42281e-09
2.42282e-09
2.20607e-09
1.83114e-09
1.39535e-09
1.0061e-09
1.00606e-09
1.39532e-09
1.83111e-09
2.20605e-09
2.42283e-09
2.42284e-09
2.2061e-09
1.83118e-09
1.39539e-09
1.00613e-09
1.00605e-09
1.39531e-09
1.83111e-09
2.20607e-09
2.42287e-09
2.4229e-09
2.20617e-09
1.83126e-09
1.39547e-09
1.0062e-09
1.00604e-09
1.39531e-09
1.83113e-09
2.20611e-09
2.42293e-09
2.42299e-09
2.20628e-09
1.83138e-09
1.39558e-09
1.0063e-09
1.00599e-09
1.39528e-09
1.83113e-09
2.20616e-09
2.42303e-09
2.42315e-09
2.20647e-09
1.83158e-09
1.39578e-09
1.00647e-09
1.00596e-09
1.39526e-09
1.83114e-09
2.20621e-09
2.42312e-09
2.42327e-09
2.20663e-09
1.83175e-09
1.39594e-09
1.0066e-09
1.00578e-09
1.39511e-09
1.83106e-09
2.20623e-09
2.42328e-09
2.42356e-09
2.207e-09
1.83216e-09
1.39634e-09
1.00695e-09
3.17327e-09
4.55003e-09
5.99778e-09
7.1845e-09
7.85304e-09
7.85304e-09
7.1845e-09
5.99778e-09
4.55003e-09
3.17327e-09
1.87209e-09
2.63221e-09
3.46484e-09
4.1654e-09
4.56594e-09
4.56594e-09
4.1654e-09
3.46484e-09
2.63221e-09
1.87209e-09
9.82539e-10
1.36006e-09
1.78336e-09
2.14883e-09
2.36025e-09
2.36025e-09
2.14883e-09
1.78336e-09
1.36006e-09
9.82539e-10
1.15789e-09
1.60985e-09
2.11112e-09
2.53958e-09
2.78626e-09
2.78626e-09
2.53958e-09
2.11112e-09
1.60985e-09
1.15789e-09
9.94212e-10
1.37765e-09
1.80716e-09
2.17686e-09
2.39061e-09
2.39061e-09
2.17686e-09
1.80716e-09
1.37765e-09
9.94212e-10
1.04405e-09
1.44902e-09
1.90131e-09
2.28976e-09
2.51409e-09
2.51409e-09
2.28976e-09
1.90131e-09
1.44902e-09
1.04405e-09
1.00243e-09
1.38996e-09
1.82394e-09
2.19739e-09
2.41332e-09
2.41332e-09
2.19739e-09
1.82394e-09
1.38996e-09
1.00243e-09
1.01579e-09
1.40906e-09
1.84909e-09
2.22751e-09
2.44622e-09
2.44623e-09
2.22751e-09
1.84909e-09
1.40907e-09
1.01579e-09
1.00505e-09
1.39382e-09
1.8291e-09
2.20362e-09
2.42015e-09
2.42015e-09
2.20362e-09
1.8291e-09
1.39382e-09
1.00505e-09
1.00859e-09
1.39888e-09
1.83576e-09
2.21159e-09
2.42886e-09
2.42886e-09
2.21159e-09
1.83576e-09
1.39888e-09
1.00859e-09
1.00579e-09
1.39491e-09
1.83056e-09
2.20538e-09
2.42207e-09
2.42207e-09
2.20538e-09
1.83056e-09
1.39491e-09
1.00579e-09
1.00672e-09
1.39624e-09
1.83231e-09
2.20747e-09
2.42436e-09
2.42437e-09
2.20748e-09
1.83231e-09
1.39625e-09
1.00672e-09
1.00598e-09
1.3952e-09
1.83094e-09
2.20584e-09
2.42259e-09
2.42259e-09
2.20585e-09
1.83095e-09
1.39521e-09
1.00599e-09
1.00623e-09
1.39554e-09
1.8314e-09
2.20639e-09
2.42318e-09
2.42319e-09
2.2064e-09
1.83141e-09
1.39555e-09
1.00624e-09
1.00603e-09
1.39527e-09
1.83104e-09
2.20596e-09
2.42271e-09
2.42272e-09
2.20597e-09
1.83105e-09
1.39528e-09
1.00604e-09
1.00609e-09
1.39536e-09
1.83116e-09
2.2061e-09
2.42287e-09
2.42287e-09
2.20611e-09
1.83117e-09
1.39537e-09
1.00611e-09
1.00604e-09
1.39528e-09
1.83106e-09
2.20598e-09
2.42274e-09
2.42275e-09
2.20599e-09
1.83107e-09
1.3953e-09
1.00605e-09
1.00606e-09
1.39531e-09
1.83109e-09
2.20602e-09
2.42278e-09
2.42279e-09
2.20603e-09
1.8311e-09
1.39532e-09
1.00607e-09
1.00605e-09
1.39529e-09
1.83107e-09
2.20599e-09
2.42275e-09
2.42276e-09
2.206e-09
1.83108e-09
1.3953e-09
1.00606e-09
1.00606e-09
1.3953e-09
1.83108e-09
2.20601e-09
2.42277e-09
2.42277e-09
2.20602e-09
1.83109e-09
1.39531e-09
1.00606e-09
1.00606e-09
1.3953e-09
1.83108e-09
2.20601e-09
2.42277e-09
2.42277e-09
2.20601e-09
1.83109e-09
1.39531e-09
1.00606e-09
1.00606e-09
1.39531e-09
1.83109e-09
2.20602e-09
2.42278e-09
2.42278e-09
2.20602e-09
1.8311e-09
1.39531e-09
1.00607e-09
1.00607e-09
1.39532e-09
1.8311e-09
2.20603e-09
2.42279e-09
2.42279e-09
2.20603e-09
1.8311e-09
1.39532e-09
1.00607e-09
1.00608e-09
1.39533e-09
1.83111e-09
2.20604e-09
2.4228e-09
2.42279e-09
2.20603e-09
1.8311e-09
1.39532e-09
1.00607e-09
1.00608e-09
1.39533e-09
1.83112e-09
2.20605e-09
2.4228e-09
2.4228e-09
2.20604e-09
1.83111e-09
1.39532e-09
1.00607e-09
1.00608e-09
1.39534e-09
1.83112e-09
2.20605e-09
2.42281e-09
2.42281e-09
2.20604e-09
1.83111e-09
1.39532e-09
1.00607e-09
1.00609e-09
1.39534e-09
1.83113e-09
2.20606e-09
2.42281e-09
2.42281e-09
2.20605e-09
1.83111e-09
1.39532e-09
1.00607e-09
1.00609e-09
1.39535e-09
1.83113e-09
2.20606e-09
2.42282e-09
2.42282e-09
2.20605e-09
1.83112e-09
1.39533e-09
1.00607e-09
1.00609e-09
1.39535e-09
1.83114e-09
2.20607e-09
2.42282e-09
2.42282e-09
2.20605e-09
1.83112e-09
1.39533e-09
1.00607e-09
1.00609e-09
1.39535e-09
1.83114e-09
2.20607e-09
2.42283e-09
2.42282e-09
2.20605e-09
1.83112e-09
1.39533e-09
1.00607e-09
1.00609e-09
1.39535e-09
1.83114e-09
2.20607e-09
2.42283e-09
2.42282e-09
2.20605e-09
1.83112e-09
1.39533e-09
1.00607e-09
1.00609e-09
1.39535e-09
1.83113e-09
2.20606e-09
2.42282e-09
2.42282e-09
2.20605e-09
1.83111e-09
1.39532e-09
1.00607e-09
1.00608e-09
1.39534e-09
1.83112e-09
2.20605e-09
2.42281e-09
2.42281e-09
2.20604e-09
1.83111e-09
1.39532e-09
1.00607e-09
1.00607e-09
1.39532e-09
1.83111e-09
2.20604e-09
2.4228e-09
2.42279e-09
2.20603e-09
1.8311e-09
1.39532e-09
1.00606e-09
1.00605e-09
1.3953e-09
1.83109e-09
2.20602e-09
2.42278e-09
2.42278e-09
2.20602e-09
1.83109e-09
1.39531e-09
1.00606e-09
1.00604e-09
1.39528e-09
1.83106e-09
2.20599e-09
2.42275e-09
2.42276e-09
2.20601e-09
1.83108e-09
1.39531e-09
1.00606e-09
1.00602e-09
1.39526e-09
1.83104e-09
2.20597e-09
2.42273e-09
2.42274e-09
2.20599e-09
1.83108e-09
1.3953e-09
1.00606e-09
1.00601e-09
1.39525e-09
1.83103e-09
2.20595e-09
2.42272e-09
2.42273e-09
2.20598e-09
1.83107e-09
1.3953e-09
1.00606e-09
1.00601e-09
1.39525e-09
1.83102e-09
2.20595e-09
2.42271e-09
2.42272e-09
2.20598e-09
1.83107e-09
1.3953e-09
1.00606e-09
1.00602e-09
1.39525e-09
1.83103e-09
2.20595e-09
2.42271e-09
2.42273e-09
2.20598e-09
1.83107e-09
1.3953e-09
1.00606e-09
1.00603e-09
1.39527e-09
1.83104e-09
2.20596e-09
2.42273e-09
2.42274e-09
2.20599e-09
1.83108e-09
1.39531e-09
1.00607e-09
1.00604e-09
1.39528e-09
1.83105e-09
2.20598e-09
2.42274e-09
2.42275e-09
2.206e-09
1.83109e-09
1.39531e-09
1.00607e-09
1.00604e-09
1.39528e-09
1.83106e-09
2.20599e-09
2.42275e-09
2.42276e-09
2.20601e-09
1.83109e-09
1.39531e-09
1.00607e-09
1.00603e-09
1.39527e-09
1.83105e-09
2.20598e-09
2.42274e-09
2.42275e-09
2.206e-09
1.83109e-09
1.39531e-09
1.00606e-09
1.00599e-09
1.39522e-09
1.831e-09
2.20593e-09
2.4227e-09
2.42272e-09
2.20598e-09
1.83107e-09
1.3953e-09
1.00606e-09
1.00591e-09
1.39513e-09
1.8309e-09
2.20584e-09
2.42262e-09
2.42265e-09
2.20592e-09
1.83103e-09
1.39527e-09
1.00604e-09
1.00581e-09
1.39501e-09
1.83077e-09
2.2057e-09
2.42249e-09
2.42254e-09
2.20584e-09
1.83096e-09
1.39523e-09
1.00601e-09
1.00564e-09
1.3948e-09
1.83052e-09
2.20544e-09
2.42224e-09
2.42231e-09
2.20565e-09
1.83082e-09
1.39512e-09
1.00595e-09
1.00551e-09
1.39464e-09
1.83035e-09
2.20527e-09
2.42208e-09
2.42217e-09
2.20553e-09
1.83072e-09
1.39505e-09
1.0059e-09
1.00517e-09
1.39419e-09
1.8298e-09
2.20466e-09
2.42144e-09
2.42156e-09
2.20499e-09
1.83028e-09
1.39472e-09
1.00567e-09
3.17327e-09
4.55003e-09
5.99778e-09
7.1845e-09
7.85304e-09
7.85304e-09
7.1845e-09
5.99778e-09
4.55003e-09
3.17327e-09
1.87209e-09
2.63221e-09
3.46484e-09
4.1654e-09
4.56594e-09
4.56594e-09
4.1654e-09
3.46484e-09
2.63221e-09
1.87209e-09
9.82539e-10
1.36006e-09
1.78336e-09
2.14883e-09
2.36025e-09
2.36025e-09
2.14883e-09
1.78336e-09
1.36006e-09
9.82539e-10
1.15789e-09
1.60985e-09
2.11112e-09
2.53958e-09
2.78626e-09
2.78626e-09
2.53958e-09
2.11112e-09
1.60985e-09
1.15789e-09
9.94212e-10
1.37765e-09
1.80716e-09
2.17686e-09
2.39061e-09
2.39061e-09
2.17686e-09
1.80716e-09
1.37765e-09
9.94212e-10
1.04405e-09
1.44902e-09
1.90131e-09
2.28976e-09
2.5141e-09
2.5141e-09
2.28976e-09
1.90131e-09
1.44902e-09
1.04405e-09
1.00243e-09
1.38996e-09
1.82394e-09
2.19739e-09
2.41332e-09
2.41332e-09
2.19739e-09
1.82394e-09
1.38996e-09
1.00243e-09
1.01579e-09
1.40907e-09
1.84909e-09
2.22751e-09
2.44623e-09
2.44623e-09
2.22751e-09
1.84909e-09
1.40907e-09
1.01579e-09
1.00505e-09
1.39382e-09
1.82911e-09
2.20363e-09
2.42015e-09
2.42015e-09
2.20362e-09
1.8291e-09
1.39382e-09
1.00505e-09
1.00859e-09
1.39888e-09
1.83577e-09
2.2116e-09
2.42886e-09
2.42886e-09
2.21159e-09
1.83576e-09
1.39888e-09
1.00859e-09
1.0058e-09
1.39492e-09
1.83057e-09
2.20538e-09
2.42208e-09
2.42208e-09
2.20538e-09
1.83056e-09
1.39491e-09
1.00579e-09
1.00673e-09
1.39625e-09
1.83232e-09
2.20748e-09
2.42437e-09
2.42437e-09
2.20748e-09
1.83231e-09
1.39624e-09
1.00672e-09
1.006e-09
1.39522e-09
1.83096e-09
2.20586e-09
2.4226e-09
2.42259e-09
2.20585e-09
1.83095e-09
1.3952e-09
1.00598e-09
1.00625e-09
1.39557e-09
1.83142e-09
2.20641e-09
2.4232e-09
2.42319e-09
2.2064e-09
1.8314e-09
1.39555e-09
1.00623e-09
1.00605e-09
1.39529e-09
1.83107e-09
2.20598e-09
2.42273e-09
2.42273e-09
2.20597e-09
1.83104e-09
1.39527e-09
1.00603e-09
1.00612e-09
1.39539e-09
1.83119e-09
2.20612e-09
2.42289e-09
2.42288e-09
2.20611e-09
1.83116e-09
1.39536e-09
1.00609e-09
1.00607e-09
1.39531e-09
1.83109e-09
2.20601e-09
2.42276e-09
2.42276e-09
2.20599e-09
1.83107e-09
1.39529e-09
1.00604e-09
1.00609e-09
1.39534e-09
1.83112e-09
2.20605e-09
2.4228e-09
2.4228e-09
2.20603e-09
1.8311e-09
1.39531e-09
1.00606e-09
1.00607e-09
1.39532e-09
1.8311e-09
2.20602e-09
2.42277e-09
2.42277e-09
2.20601e-09
1.83108e-09
1.39529e-09
1.00605e-09
1.00608e-09
1.39533e-09
1.83111e-09
2.20603e-09
2.42279e-09
2.42278e-09
2.20602e-09
1.83109e-09
1.39531e-09
1.00606e-09
1.00607e-09
1.39532e-09
1.8311e-09
2.20603e-09
2.42278e-09
2.42278e-09
2.20602e-09
1.83109e-09
1.39531e-09
1.00606e-09
1.00607e-09
1.39532e-09
1.83111e-09
2.20603e-09
2.42279e-09
2.42279e-09
2.20603e-09
1.8311e-09
1.39531e-09
1.00607e-09
1.00607e-09
1.39532e-09
1.83111e-09
2.20603e-09
2.42279e-09
2.42279e-09
2.20603e-09
1.8311e-09
1.39532e-09
1.00607e-09
1.00607e-09
1.39532e-09
1.83111e-09
2.20604e-09
2.4228e-09
2.4228e-09
2.20604e-09
1.83111e-09
1.39533e-09
1.00608e-09
1.00607e-09
1.39532e-09
1.83111e-09
2.20604e-09
2.4228e-09
2.42281e-09
2.20605e-09
1.83112e-09
1.39533e-09
1.00608e-09
1.00607e-09
1.39532e-09
1.83111e-09
2.20604e-09
2.42281e-09
2.42281e-09
2.20605e-09
1.83112e-09
1.39534e-09
1.00608e-09
1.00607e-09
1.39532e-09
1.83111e-09
2.20605e-09
2.42281e-09
2.42281e-09
2.20606e-09
1.83113e-09
1.39534e-09
1.00609e-09
1.00607e-09
1.39532e-09
1.83111e-09
2.20605e-09
2.42281e-09
2.42282e-09
2.20606e-09
1.83113e-09
1.39535e-09
1.00609e-09
1.00607e-09
1.39532e-09
1.83111e-09
2.20605e-09
2.42281e-09
2.42282e-09
2.20606e-09
1.83114e-09
1.39535e-09
1.00609e-09
1.00607e-09
1.39532e-09
1.83111e-09
2.20605e-09
2.42282e-09
2.42282e-09
2.20607e-09
1.83114e-09
1.39535e-09
1.00609e-09
1.00607e-09
1.39532e-09
1.83111e-09
2.20605e-09
2.42282e-09
2.42282e-09
2.20607e-09
1.83114e-09
1.39535e-09
1.00609e-09
1.00607e-09
1.39533e-09
1.83111e-09
2.20605e-09
2.42282e-09
2.42282e-09
2.20606e-09
1.83113e-09
1.39535e-09
1.00609e-09
1.00607e-09
1.39533e-09
1.83111e-09
2.20605e-09
2.42281e-09
2.42281e-09
2.20606e-09
1.83112e-09
1.39534e-09
1.00608e-09
1.00607e-09
1.39533e-09
1.83111e-09
2.20604e-09
2.4228e-09
2.4228e-09
2.20604e-09
1.83111e-09
1.39532e-09
1.00607e-09
1.00607e-09
1.39533e-09
1.83111e-09
2.20604e-09
2.42279e-09
2.42279e-09
2.20602e-09
1.83109e-09
1.39531e-09
1.00606e-09
1.00607e-09
1.39532e-09
1.8311e-09
2.20602e-09
2.42278e-09
2.42277e-09
2.206e-09
1.83107e-09
1.39529e-09
1.00604e-09
1.00607e-09
1.39532e-09
1.83109e-09
2.20601e-09
2.42276e-09
2.42275e-09
2.20598e-09
1.83105e-09
1.39527e-09
1.00602e-09
1.00607e-09
1.39531e-09
1.83108e-09
2.206e-09
2.42274e-09
2.42273e-09
2.20596e-09
1.83103e-09
1.39525e-09
1.00601e-09
1.00607e-09
1.39531e-09
1.83108e-09
2.20599e-09
2.42273e-09
2.42272e-09
2.20595e-09
1.83103e-09
1.39525e-09
1.00601e-09
1.00607e-09
1.39531e-09
1.83108e-09
2.20599e-09
2.42273e-09
2.42272e-09
2.20595e-09
1.83103e-09
1.39525e-09
1.00602e-09
1.00607e-09
1.39531e-09
1.83108e-09
2.206e-09
2.42274e-09
2.42273e-09
2.20597e-09
1.83104e-09
1.39527e-09
1.00603e-09
1.00607e-09
1.39532e-09
1.83109e-09
2.20601e-09
2.42275e-09
2.42274e-09
2.20598e-09
1.83106e-09
1.39528e-09
1.00604e-09
1.00608e-09
1.39532e-09
1.8311e-09
2.20602e-09
2.42277e-09
2.42276e-09
2.20599e-09
1.83106e-09
1.39529e-09
1.00604e-09
1.00608e-09
1.39533e-09
1.83111e-09
2.20603e-09
2.42277e-09
2.42276e-09
2.20599e-09
1.83105e-09
1.39527e-09
1.00603e-09
1.00609e-09
1.39534e-09
1.83112e-09
2.20603e-09
2.42276e-09
2.42273e-09
2.20595e-09
1.83101e-09
1.39523e-09
1.00599e-09
1.00611e-09
1.39535e-09
1.83112e-09
2.20601e-09
2.42272e-09
2.42268e-09
2.20588e-09
1.83093e-09
1.39515e-09
1.00592e-09
1.00613e-09
1.39536e-09
1.83111e-09
2.20597e-09
2.42266e-09
2.42258e-09
2.20576e-09
1.8308e-09
1.39503e-09
1.00581e-09
1.00617e-09
1.39539e-09
1.8311e-09
2.20593e-09
2.42256e-09
2.42243e-09
2.20558e-09
1.8306e-09
1.39483e-09
1.00565e-09
1.00619e-09
1.3954e-09
1.83109e-09
2.20587e-09
2.42247e-09
2.42231e-09
2.20543e-09
1.83045e-09
1.39468e-09
1.00552e-09
1.00633e-09
1.39551e-09
1.83114e-09
2.20583e-09
2.4223e-09
2.42204e-09
2.20508e-09
1.83007e-09
1.39433e-09
1.00521e-09
)
;
    }
    inlet
    {
        type            calculated;
        value           uniform 0;
    }
    outlet
    {
        type            calculated;
        value           uniform 0;
    }
}


// ************************************************************************* //
